,Country Name,Country Code,Death rate,gdp,population % 0-14,population % over 65,population % 15-65
0,Aruba,ABW,9.69,24487.863569428,17.3510219591029,14.9369748884688,67.7120031524284
1,Africa Eastern and Southern,AFE,7.62054776213486,1353.9275274008,41.598104923321,3.16669494525835,55.2352001314207
2,Afghanistan,AFG,7.113,516.866797351726,43.8079121491391,2.41695301478831,53.7751348360726
3,Africa Western and Central,AFW,10.6012972524141,1686.99789853738,43.3193465660061,2.89695650549969,53.7836969284942
4,Angola,AGO,7.821,1502.95075414518,45.3066016809735,2.58997520856912,52.1034231104574
5,Albania,ALB,10.785,5343.0377039956,16.4715191611974,15.822112678783,67.7063681600196
6,Arab World,ARB,5.61610840015073,5639.39873488484,33.3425712506039,4.35576340297197,62.3016653464241
7,United Arab Emirates,ARE,1.766,37629.1741680652,14.9409854694949,1.65397566501915,83.4050388654859
8,Argentina,ARG,8.509,8496.428156755,23.6563980592251,11.7274541416082,64.6161477991667
9,Armenia,ARM,12.792,4505.86774552638,20.3433230260031,12.407896540091,67.2487804339059
10,American Samoa,ASM,5.6,15501.5263374397,28.1982723159194,6.45391759942843,65.3478100846522
11,Antigua and Barbuda,ATG,5.961,15284.7723835378,19.082383665717,9.80477855477855,71.1128377795044
12,Australia,AUS,6.3,51722.0690001531,18.5417282291673,16.2335929179415,65.2246788528912
13,Austria,AUT,10.3,48809.2268762235,14.4032175479921,19.1494297623302,66.4473526896778
14,Azerbaijan,AZE,7.5,4229.91064904503,24.2241066583594,6.47151357356977,69.3043797680709
15,Burundi,BDI,7.562,216.827417445762,46.7202796936702,2.46672187295383,50.812998433376
16,Belgium,BEL,11.0,45517.9038182019,16.7934968825779,19.2076193876575,63.9988837297645
17,Benin,BEN,9.364,1237.9492953503,42.712662844457,3.08886103536286,54.1984761201801
18,Burkina Faso,BFA,8.813,833.244336106076,44.4375212392763,2.56141374198483,53.0010650187389
19,Bangladesh,BGD,5.816,2233.30589251829,26.9821786730329,5.6329625843332,67.3848587426339
20,Bulgaria,BGR,18.0,10153.4766003869,14.0190362054997,22.2651260546645,63.7158377398358
21,Bahrain,BHR,2.239,23433.1872362574,20.298970739826,3.1971229176382,76.5039063425358
22,"Bahamas, The",BHS,8.076,23998.2680191207,20.1664815368359,8.27893222526057,71.5545862379035
23,Bosnia and Herzegovina,BIH,14.094,6095.10247869327,14.9240411251481,17.7428631052696,67.3330957695822
24,Belarus,BLR,16.553,6542.8645398436,16.8397311511557,16.5527294408646,66.6075394079797
25,Belize,BLZ,5.244,5266.87616004213,28.7764246221708,4.80565075755753,66.4179246202717
26,Bermuda,BMU,8.8,107791.886435134,14.9296038606602,19.0221847400848,66.048211399255
27,Bolivia,BOL,9.3,3068.81255516456,31.4020327472097,4.97840930778252,63.6195579450078
28,Brazil,BRA,7.42,6923.70019715065,20.8347709462045,9.29075512793776,69.8744739258577
29,Barbados,BRB,8.973,16643.8065787177,17.3732512032719,15.1562383101823,67.4705104865458
30,Brunei Darussalam,BRN,4.975,27179.3444218249,22.6386326334258,5.46652328937687,71.8948440771973
31,Bhutan,BTN,6.545,3009.92551590976,23.5262897634452,6.03205670894466,70.4416535276102
32,Botswana,BWA,6.95,5875.07060571282,33.1708818953174,3.54835960700628,63.2807584976763
33,Central African Republic,CAF,11.041,435.469248170025,48.2084382989396,2.47886962803808,49.3126920730224
34,Canada,CAN,8.1,43349.677855557,15.8683623523158,18.0184265996951,66.1132110479891
35,Central Europe and the Baltics,CEB,13.7020454985942,16298.2670593913,15.3631461858253,19.2639666919042,65.3728871222705
36,Switzerland,CHE,8.8,85656.322666307,15.0597381778765,18.7258475405716,66.2144142815519
37,Channel Islands,CHI,8.47393243061603,57339.5268713567,15.3054277156841,16.2998027613412,68.3947695229747
38,Chile,CHL,7.221,13165.3863429858,18.6188701743694,12.3955778026311,68.9855520229994
39,China,CHN,7.07,10408.7191247747,18.0251204603043,12.5982619560395,69.3766175836562
40,Cote d'Ivoire,CIV,8.817,2349.06988200032,42.110374911366,2.40883203976997,55.4807930488641
41,Cameroon,CMR,8.419,1539.13054650019,42.625165638261,2.73698475900564,54.6378496027334
42,"Congo, Dem. Rep.",COD,9.537,524.666686258939,46.4939302095622,3.00071140817177,50.505358382266
43,"Congo, Rep.",COG,6.923,1838.44812411674,41.6719395093871,2.64763930388655,55.6804211867263
44,Colombia,COL,6.606,5304.28912886637,21.9223616028949,8.47231076171452,69.6053276353906
45,Comoros,COM,8.274,1519.58677981636,38.4706127522123,4.33403294110642,57.1953543066812
46,Cabo Verde,CPV,5.692,3223.73560213047,27.0430282850474,5.36840930935054,67.5885624056021
47,Costa Rica,CRI,5.627,12179.2566742377,20.9004500200562,10.218324629302,68.8812253506419
48,Caribbean small states,CSS,7.67845113024342,8864.60436985981,22.152512061859,8.14603636999987,69.7014515681411
49,Cuba,CUB,10.23,9499.59020230432,15.8605291460758,15.5518048531162,68.5876660008081
50,Curacao,CUW,9.3,16109.8617501685,17.7131732778272,14.2467714626087,68.0400552595641
51,Cayman Islands,CYM,3.3,83897.5052077489,16.8896383179444,7.52780026890307,75.5825614131525
52,Cyprus,CYP,6.93,28035.984375,16.0060264864808,14.1544454832462,69.839528030273
53,Czechia,CZE,12.1,22992.8793833348,15.9618120049623,20.1648929510514,63.8732950439863
54,Germany,DEU,11.9,46772.8253507537,13.7515489432774,21.9637344087494,64.2847166479732
55,Djibouti,DJI,8.821,2917.9962809563,31.1910864133207,4.45748131460085,64.3514322720785
56,Dominica,DMA,8.177,7003.46989117043,20.1251484488398,9.17222843411649,70.7026231170437
57,Denmark,DNK,9.4,60915.4243995462,16.2688363392114,20.0469184421079,63.6842452186807
58,Dominican Republic,DOM,6.46,7167.91493205787,27.6233677512044,6.96498579251993,65.4116464562757
59,Algeria,DZA,5.398,3354.15730265114,30.647082668821,6.01747007813233,63.3354472530466
60,East Asia & Pacific (excluding high income),EAP,7.22470636415599,8262.89754957938,20.3858781780467,10.8849920002526,68.7291298217007
61,Early-demographic dividend,EAR,7.15549242393579,3232.2471401811,28.4734212773629,6.13446264407147,65.3921160785656
62,East Asia & Pacific,EAS,7.38381885935374,11482.8804990941,19.6089199968365,12.1325060572206,68.2585739459429
63,Europe & Central Asia (excluding high income),ECA,11.3297043592689,7462.09763148974,21.2596304890049,12.1198268564058,66.6205426545894
64,Europe & Central Asia,ECS,11.2752429471204,23995.1500027063,17.9634048526181,16.8103626143485,65.2262325330334
65,Ecuador,ECU,7.534,5645.19928965332,26.4899690256678,7.54415837239534,65.9658726019369
66,"Egypt, Arab Rep.",EGY,5.851,3571.5569065135,33.2101856403026,4.70870905907027,62.0811053006271
67,Euro area,EMU,11.1176057887575,38161.6659419747,14.8630695881997,21.1746618486035,63.9622685631968
68,Spain,ESP,10.4,26959.6754367322,14.3956333577662,19.6725085886783,65.9318580535555
69,Estonia,EST,11.9,23595.2436836437,16.4657932188193,20.1811810049916,63.3530257761891
70,Ethiopia,ETH,6.616,918.652594077418,40.3131916092025,3.13009683831197,56.5567115524855
71,European Union,EUU,11.6026000520246,34332.6449639779,15.0392429458789,20.7622613495723,64.1984957045488
72,Fragile and conflict affected situations,FCS,9.26991748195234,1697.42205372878,40.0024811395778,4.02572725589092,55.9717916045313
73,Finland,FIN,10.0,49169.719338849,15.6613258273671,22.4900930794789,61.848581093154
74,Fiji,FJI,8.078,4864.10600771307,29.1867751965946,5.53925264715533,65.2739721562501
75,France,FRA,9.9,39055.2829280747,17.5521513606696,21.0095477123755,61.4383009269549
76,Faroe Islands,FRO,7.0,61979.7954421759,20.6820566631689,17.8078794238291,61.510063913002
77,"Micronesia, Fed. Sts.",FSM,6.065,3639.41269869588,31.1551961750657,5.55899970117701,63.2858041237573
78,Gabon,GAB,6.909,6680.08267035331,36.5273646684315,3.90439039454796,59.5682449370206
79,United Kingdom,GBR,10.1,40318.4169225055,17.7883500845831,18.7225119004065,63.4891380150104
80,Georgia,GEO,13.976,4255.74299321254,20.9070472172478,14.501600143604,64.5913526391482
81,Ghana,GHA,7.448,2176.57621802942,37.5816131442611,3.40550754160106,59.0128793141378
82,Guinea,GIN,9.847,1073.6593389589,42.1093584492871,3.3868105650427,54.5038309856702
83,"Gambia, The",GMB,7.373,704.030457831626,43.9253961254781,2.45499699882867,53.6196068756932
84,Guinea-Bissau,GNB,8.574,710.258132977055,40.9832336885885,2.79939558335334,56.2173707280581
85,Equatorial Guinea,GNQ,9.026,6327.59896192339,38.8558367743837,3.16653911206332,57.9776241135529
86,Greece,GRC,12.2,17658.9473011189,14.177384022727,22.1814168484866,63.6411991287863
87,Grenada,GRD,8.061,8437.5367823125,24.1337344233926,9.68559714708522,66.1806684295222
88,Greenland,GRL,9.2,54693.5114093342,20.901716152178,8.98681873756169,70.1114651102603
89,Guatemala,GTM,5.337,4609.89725752869,33.4785333299045,4.85058258590094,61.6708840841945
90,Guam,GUM,7.178,34780.8616624614,26.5480319799564,11.1102575769215,62.3417104431221
91,Guyana,GUY,8.026,6863.07434593017,28.8718543104508,6.04708718743806,65.0810585021111
92,High income,HIC,9.84268700853657,43437.8943103859,16.351411318337,18.5739496251314,65.0746390565316
93,"Hong Kong SAR, China",HKG,6.8,46109.2299946609,12.2435835691643,18.7604182532697,68.995998177566
94,Honduras,HND,4.945,2354.12148010105,31.0670482997873,4.117187885154,64.8157638150587
95,Heavily indebted poor countries (HIPC),HPC,7.71060152176083,964.91637621707,42.7041430078029,2.91765964629876,54.3781973458984
96,Croatia,HRV,14.1,14236.5352454642,14.192714705704,21.5708969983057,64.2363882959904
97,Haiti,HTI,8.176,1283.14122784667,32.642847758493,4.43311488222377,62.9240373592833
98,Hungary,HUN,14.5,16125.6094085407,14.5570170366919,20.0974558160559,65.3455271472521
99,IBRD only,IBD,7.66196490130091,6170.42273178302,23.2158386223534,9.27614234251485,67.5080190351318
100,IDA & IBRD total,IBT,7.73824907542386,4895.9749891472,27.364622148651,7.79487059298669,64.8405072583624
101,IDA total,IDA,7.9492102707542,1371.12917554267,38.8379367900856,3.69846576875823,57.4635974411561
102,IDA blend,IDB,9.18242234839937,1720.74122393904,39.52290316256,3.56325204204488,56.9138447953951
103,Indonesia,IDN,8.964,3895.61815205095,25.7189360206748,6.70951911634314,67.5715448629821
104,IDA only,IDX,7.33905228086856,1198.15115452242,38.4990350613852,3.76536564526115,57.7355992933537
105,Isle of Man,IMN,10.414,79530.6054842568,15.1560761730253,21.8441201492049,62.9998036777698
106,India,IND,7.35,1913.21972103493,26.1123335319891,6.67232006787184,67.2153464001391
107,Ireland,IRL,6.5,85420.1908556082,20.1778202263229,14.5443326373668,65.2778471363103
108,"Iran, Islamic Rep.",IRN,5.567,2746.41948317956,23.9924771617384,7.1076541617204,68.8998686765412
109,Iraq,IRQ,5.239,4251.33725272808,38.4857375993296,3.40286336318926,58.1113990374811
110,Iceland,ISL,6.3,58813.7969830876,18.7095173030717,14.5718618154248,66.7186208815035
111,Israel,ISR,5.3,44846.7915954816,28.2373276039897,11.8056892902926,59.9569831057177
112,Italy,ITA,12.5,31918.6934933773,12.8580060780417,23.3720710799476,63.7699228420107
113,Jamaica,JAM,7.583,4897.26477019956,20.8331833860409,7.04254715273581,72.1242694612233
114,Jordan,JOR,3.475,3987.65017399411,33.0584933040197,3.61247670244304,63.3290299935372
115,Japan,JPN,11.1,39986.9286287091,11.9157072442963,29.5831784516048,58.501114304099
116,Kazakhstan,KAZ,8.6,9121.63640167864,29.2444540596271,7.84405363269757,62.9114923076753
117,Kenya,KEN,7.456,1936.25075166045,38.9730143512322,2.8030771107022,58.2239085380656
118,Kyrgyz Republic,KGZ,6.1,1182.52150620357,34.3532106621858,4.26798253164187,61.3788068061724
119,Cambodia,KHM,6.228,1577.91173993243,29.6255402063096,5.27259166472753,65.1018681289629
120,Kiribati,KIR,6.242,1403.99373815921,36.1914702661242,3.6856484282026,60.1228813056732
121,St. Kitts and Nevis,KNA,10.036,18566.0178460649,20.0272865613685,9.1945216980637,70.7781917405678
122,"Korea, Rep.",KOR,5.9,31721.2980183057,12.1664146109619,15.8290693238877,72.0045160651504
123,Kuwait,KWT,3.254,24297.7011414501,20.9743066331884,3.98390576923981,75.0417875975718
124,Latin America & Caribbean (excluding high income),LAC,7.78606369075861,6837.63041190964,23.8954726904489,8.60004136293766,67.5044859466134
125,Lao PDR,LAO,6.366,2593.35509719847,31.3743314171013,4.27857533111667,64.347093251782
126,Lebanon,LBN,6.253,5599.95752260733,27.8350661102874,9.3500733322638,62.8148605574488
127,Liberia,LBR,8.753,597.529691893048,41.456589074835,3.37516752793,55.168243397235
128,Libya,LBY,5.598,7034.65836451166,29.3998354659539,4.80500882033537,65.7951557137108
129,St. Lucia,LCA,8.205,8458.07506262658,18.5729469165042,8.91643164199256,72.5106214415033
130,Latin America & Caribbean,LCN,7.76559302016541,7344.06092228177,23.8705598102878,8.79502024475866,67.3344199449535
131,Least developed countries: UN classification,LDC,7.41817909188736,1082.60022121405,39.2344176914977,3.59415030479555,57.1714320037067
132,Low income,LIC,7.79494544694132,653.673818043846,42.324262352598,3.16541823034424,54.5103194170577
133,Liechtenstein,LIE,8.2,165284.497122453,14.6403137578698,18.4745587779957,66.8851274641346
134,Sri Lanka,LKA,7.056,3852.38996755421,23.5872127477129,10.8029791003068,65.6098081519803
135,Lower middle income,LMC,7.47736455449097,2123.38231816223,30.2057074031887,5.8188618717288,63.9754307250825
136,Low & middle income,LMY,7.69244207024656,4729.76698690413,27.4588632559991,7.69713678773075,64.8439999562701
137,Lesotho,LSO,12.858,939.504249056769,34.2274521982166,4.21094893749168,61.5615988642917
138,Late-demographic dividend,LTE,7.72323993135347,9720.85844961143,18.9670693554079,12.0136304184391,69.0193002261529
139,Lithuania,LTU,15.6,20363.9244050084,15.070100644744,20.4200383190737,64.5098610361822
140,Luxembourg,LUX,7.3,117370.49690016,15.9809771422725,14.5581492371108,69.4608736206168
141,Latvia,LVA,15.2,18207.1396408628,15.6502562923947,21.4001513927926,62.9495923148127
142,"Macao SAR, China",MAC,4.047,37646.4956527785,14.3349012173898,11.6795039946295,73.9855947879808
143,Morocco,MAR,6.073,3258.10498046875,27.0916484625276,7.15127378958437,65.7570777478881
144,Moldova,MDA,14.445,4376.24249318339,19.6493213439759,13.3553138940116,66.9953647620125
145,Madagascar,MDG,6.801,462.40422880067,39.7196559603445,3.2461993638906,57.0341446757649
146,Maldives,MDV,3.001,7282.37291624623,21.7894090249943,4.38400740225256,73.8265835727532
147,Middle East & North Africa,MEA,5.28524017337296,6579.37098743688,30.2214467796091,5.17890210616636,64.5996511142246
148,Mexico,MEX,9.33,8654.99732516958,25.3368030520634,8.02123669897249,66.6419602489641
149,Marshall Islands,MHL,7.425,5567.97272706332,34.1195711011552,3.91122577078558,61.9692031280592
150,Middle income,MIC,7.68082092519561,5191.84969531779,25.7735240534057,8.21091262988967,66.0155633167046
151,North Macedonia,MKD,12.4,5965.45023195365,16.1207708976224,14.5855552500235,69.2936738523541
152,Mali,MLI,9.529,822.90613752314,47.6079883942925,2.49587496065782,49.8961366450497
153,Malta,MLT,7.9,29196.9777453786,13.1987860865651,18.8412715044687,67.9599424089662
154,Myanmar,MMR,8.819,1477.45290479479,25.1236148386325,6.45415218310218,68.4222329782654
155,Middle East & North Africa (excluding high income),MNA,5.65299678779145,3120.19843893516,31.2808657879198,5.40900366816933,63.3101305439109
156,Montenegro,MNE,11.7,7677.36914105517,18.2062562843029,15.966123384959,65.8276203307381
157,Mongolia,MNG,5.475,4041.17414513165,32.2020073854056,4.26028318310069,63.5377094314938
158,Mozambique,MOZ,8.004,454.062364345564,43.8634715706682,2.6001260045508,53.5364024247809
159,Mauritania,MRT,7.466,1868.46824831502,42.3760951593089,3.30473668106113,54.31916815963
160,Mauritius,MUS,8.7,9005.46202174274,17.0297285270962,11.783114473996,71.1871569989078
161,Malawi,MWI,6.706,622.184591368491,43.7277267247152,2.78899873440563,53.4832745408792
162,Malaysia,MYS,5.311,10160.8293465592,23.2770892451694,7.01171985186864,69.7111909029619
163,North America,NAC,10.0734968819728,61461.1211260357,18.2389305703688,16.4084810937067,65.3525883359246
164,Namibia,NAM,8.475,4252.04180684509,36.2036368194422,4.03264556076137,59.7637176197964
165,New Caledonia,NCL,5.7,34700.9816157681,22.7323037817341,10.3790812247078,66.888614993558
166,Niger,NER,8.281,564.821997328603,48.9484525711188,2.43561192051078,48.6159355083704
167,Nigeria,NGA,12.997,2074.61392802438,43.5018845540314,3.00253320729103,53.4955822386776
168,Nicaragua,NIC,5.703,1876.60737169569,30.4021280376524,5.0583597688863,64.5395121934612
169,Netherlands,NLD,9.7,52162.5701150397,15.6002582801428,19.6470630241117,64.7526786957455
170,Norway,NOR,7.5,68340.0181033702,17.2111656129486,17.7299264903652,65.0589078966861
171,Nepal,NPL,7.209,1139.18989202387,30.1158819096396,6.03979862431386,63.8443194660466
172,Nauru,NRU,6.602,10124.7004971896,38.9687373122209,2.11936662606577,58.9118960617134
173,New Zealand,NZL,6.41,41760.5947839997,19.0681692154534,15.5784074852007,65.3534232993459
174,OECD members,OED,9.7700361524631,38341.3207587843,17.6205897202905,17.3914206486087,64.9879896311008
175,Oman,OMN,3.025,16707.6230063214,25.6434693104732,2.75632877019262,71.6002019193342
176,Other small states,OSS,7.44307081949723,11679.5574715833,30.0825293648397,5.61010410165377,64.3073665335065
177,Pakistan,PAK,7.06,1322.31478270271,37.2723784741093,4.17417916257474,58.553442363316
178,Panama,PAN,5.747,13293.3332050433,26.6787777979979,8.36375961092554,64.9574625910765
179,Peru,PER,7.327,6063.62657980167,26.6748703998912,8.25253456293149,65.0725950371773
180,Philippines,PHL,5.566,3224.4228110466,30.9411761743497,5.22218731894015,63.8366365067102
181,Palau,PLW,8.4,14016.2474961051,20.8852659692856,9.15312708657912,69.9616069441353
182,Papua New Guinea,PNG,6.402,2446.08441340059,34.9169097525652,3.03358380411995,62.0495064433148
183,Poland,POL,12.6,15816.8204022734,15.3480034078472,18.3740401768053,66.2779564153475
184,Pre-demographic dividend,PRE,8.92627655047726,1329.36845168249,43.5625824718133,2.82593673070454,53.6114807974822
185,Puerto Rico,PRI,9.6,31427.4291136799,13.9401347581562,21.7050435655479,64.3548216762959
186,Portugal,PRT,12.0,22242.4064179716,13.4956608643372,22.2967255949746,64.2076135406882
187,Paraguay,PRY,5.916,5353.34804464198,29.2071397760435,6.16223439817064,64.6306258257859
188,West Bank and Gaza,PSE,3.489,3233.56863835858,39.4767782573281,3.43230163994652,57.0909201027254
189,Pacific island small states,PSS,6.49285970884585,3713.50694343002,34.7536971209262,4.63367017557328,60.6126327035006
190,Post-demographic dividend,PST,10.5574003302791,44494.6457414394,15.8292766654311,19.682539375408,64.4881839591609
191,French Polynesia,PYF,3.859,18984.6173795396,22.1183129940265,9.23756166792804,68.6441253380454
192,Qatar,QAT,1.219,52315.6600783117,15.3516629020952,1.25582119885451,83.3925158990503
193,Romania,ROU,15.5,13047.457681178,16.0181197048859,18.6858929427591,65.2959873523551
194,Russian Federation,RUS,14.6,10194.44140625,17.6804678846996,15.3060701838106,67.0134619314898
195,Rwanda,RWA,5.998,773.820557473379,39.3268624174073,3.10210547610455,57.5710321064882
196,South Asia,SAS,7.16652966188531,1853.89308716516,27.9336687908501,6.22764421326151,65.8386869958884
197,Saudi Arabia,SAU,2.913,20398.0609873699,26.0410680508446,2.39663290714769,71.5622990420077
198,Sudan,SDN,6.67,608.33251953125,41.1776527376411,3.3379844225826,55.4843628397763
199,Senegal,SEN,5.584,1492.47590420334,42.0651163413263,3.17310898192517,54.7617746767485
200,Singapore,SGP,5.2,61274.0064626976,12.1518250106876,13.154199090183,74.6939758991294
201,Solomon Islands,SLB,5.082,2222.46214297336,39.5719414546352,3.46286588140317,56.9651926639617
202,Sierra Leone,SLE,9.296,493.432252431844,39.7851741149668,3.14715725542131,57.0676686296119
203,El Salvador,SLV,8.442,3961.72663347599,26.083984839015,8.10377084289794,65.812244318087
204,San Marino,SMR,9.9,45321.489222868,13.3810686035228,19.6988855235687,66.9200458729085
205,Somalia,SOM,11.39,416.217774718244,47.3397119329059,2.6158408087602,50.0444472583339
206,Serbia,SRB,16.9,7733.80349392648,14.1296665420631,20.7446461876994,65.1256872702375
207,Sub-Saharan Africa (excluding high income),SSA,8.82769626132143,1487.89476802804,42.2967058144532,3.05707977064697,54.6462144148998
208,Sub-Saharan Africa,SSF,8.82752284807692,1488.79549974746,42.2950758651535,3.05747155108473,54.6474525837617
209,Small states,SST,7.42687316183022,10702.8860207874,28.9727461386179,5.99632537758511,65.030928483797
210,Sao Tome and Principe,STP,6.294,2161.31020078768,40.6138372949264,3.78863067768625,55.5975320273874
211,Suriname,SUR,7.036,4796.53331389928,26.7681385024668,7.1148064869495,66.1170550105837
212,Slovak Republic,SVK,10.8,19551.6211601931,15.8419573951599,16.8241845935455,67.3338580112946
213,Slovenia,SVN,11.4,25545.2410027132,15.2025532184162,20.1009991778588,64.6964476037251
214,Sweden,SWE,9.5,52837.9039778149,17.7450854687151,20.0325934028449,62.22232112844
215,Eswatini,SWZ,9.603,3372.90463883844,35.4396923741483,3.94772393290165,60.6125836929501
216,Sint Maarten (Dutch part),SXM,5.5,29314.0942947043,12.475499467006,8.93825292573616,78.5862476072579
217,Seychelles,SYC,6.8,12020.021913519,23.2379418174927,7.63811238510376,69.1239457974036
218,Syrian Arab Republic,SYR,4.99,537.211361424552,34.4690845205165,4.55117416598229,60.9797413135012
219,Turks and Caicos Islands,TCA,8.823,20882.2612702141,16.813659616275,9.97481734102741,73.2115230426976
220,Chad,TCD,12.486,643.772216240999,47.8167301468278,2.03263783372745,50.1506320194447
221,East Asia & Pacific (IDA & IBRD countries),TEA,7.2017706354772,8354.65293827494,20.4029707045591,10.8822681718817,68.7147611235592
222,Europe & Central Asia (IDA & IBRD countries),TEC,11.6320656024103,8439.66710909809,20.4942395717609,12.9894372658815,66.5163231623576
223,Togo,TGO,8.417,875.245409906734,40.497827678269,3.05815283953483,56.4440194821962
224,Thailand,THA,7.264,7001.78541255771,16.0659765534604,13.8503665118077,70.083656934732
225,Tajikistan,TJK,6.121,852.330229589791,36.4944090597637,3.23618674518954,60.2694041950468
226,Turkmenistan,TKM,6.836,7297.18004219407,31.2326832135604,4.71578151803122,64.0515352684084
227,Latin America & the Caribbean (IDA & IBRD countries),TLA,7.71146305564178,7136.21474095016,24.0755567188256,8.6012758034457,67.3231674777287
228,Timor-Leste,TLS,6.831,1660.30830887811,35.945061327159,5.37205912330432,58.6828795495367
229,Middle East & North Africa (IDA & IBRD countries),TMN,5.67853507678882,3118.8605067659,31.1841421779673,5.43233160836926,63.3835262136635
230,Tonga,TON,6.946,4605.97087843701,35.073726414198,6.18218785034298,58.744085735459
231,South Asia (IDA & IBRD),TSA,7.16652966188531,1853.89308716516,27.9336687908501,6.22764421326151,65.8386869958884
232,Sub-Saharan Africa (IDA & IBRD countries),TSS,8.82752284807692,1488.79549974746,42.2950758651536,3.05747155108473,54.6474525837617
233,Trinidad and Tobago,TTO,7.9,13871.7982158614,19.5245585572412,10.6744274434557,69.8010139993031
234,Tunisia,TUN,6.752,3497.73323057269,24.9500708082235,8.57849253761165,66.4714366541649
235,Turkiye,TUR,6.378,8561.0643326366,23.7110603615819,8.18209546745335,68.1068441709647
236,Tuvalu,TUV,10.188,4674.90908818494,31.606287830879,5.99421808654802,62.399494082573
237,Tanzania,TZA,6.179,1104.16442871094,43.8773745870602,3.12767778203859,52.9949476309012
238,Uganda,UGA,5.852,846.881199214807,45.6701073228634,1.66481584536345,52.6650768317732
239,Ukraine,UKR,15.9,3751.7373046875,15.3272298253506,17.1900576835399,67.4827124911094
240,Upper middle income,UMC,7.91007336404837,8649.36556133265,20.7793877731735,10.9062495626619,68.3143626641646
241,Uruguay,URY,9.432,15650.4994274155,19.7968321883977,15.338152012205,64.8650157993973
242,United States,USA,10.3,63528.6343027508,18.5113495341764,16.2234001500798,65.2652503157439
243,Uzbekistan,UZB,5.1,1759.30747050785,29.7700920460112,4.8675298116888,65.3623781423
244,St. Vincent and the Grenadines,VCT,11.038,8306.36758115851,22.2784507681648,10.6749814828089,67.0465677490264
245,Virgin Islands (U.S.),VIR,8.4,39552.1685953523,19.2642556686662,19.6445727655126,61.0911715658212
246,Vietnam,VNM,6.169,3586.34729656749,22.693134535111,8.42740854894926,68.8794569159397
247,Vanuatu,VUT,5.487,2917.75684908933,39.7572870045078,3.71336445449733,56.5293485409949
248,World,WLD,8.03336842322587,10895.7352329064,25.6990799012011,9.42511977441351,64.8758003243854
249,Samoa,WSM,5.305,4042.72271474144,37.9252266440856,5.01420233146218,57.0605710244522
250,Kosovo,XKX,7.505,4310.93298389393,22.6386448542331,9.68924075768309,67.6721143880838
251,South Africa,ZAF,9.425,5741.64124877252,28.7396723302935,6.00053469336587,65.2597929763407
252,Zambia,ZMB,6.602,956.831747486282,43.6803729346094,1.72986015480474,54.5897669105859
253,Zimbabwe,ZWE,8.132,1372.69667433317,41.1560846287343,3.37626213602766,55.4676532352381
